1.8270485047568874,1.4710527183724604,-1.5197866190254334
-0.21084929240631256,0.8716358702051836,-0.07620972966587625
0.5710403894093605,0.09932678269915263,0.40500278044568094
1.0782919687647807,1.1926982716598222,-1.3904683330380854
0.6916272932170427,-0.6584864145483817,2.017334818941007
1.2597924909389802,-0.599524336644708,-0.5347754476597634
0.7341645256607737,-0.3868184653564506,0.23028151334280977
-0.2975972362272976,-0.4341010631313069,-0.026417467252621063
0.9728591332483816,-0.11084146697258168,2.263083594445421
1.3910635355076617,1.4238150161339338,-1.4453853314544198
0.7215578166624533,0.9632659098111697,1.4279770638314648E-4
0.1496040512232275,0.002748545448913231,-0.0545155822501375
1.7122765623429625,-0.3783493594331072,0.20381001942814314
1.0626313880089748,-0.11853295013964299,-0.3690222071844577
0.6168079051255979,-1.759231848312311,-1.301870150743436
2.4418689130201026,0.3914800914329677,-0.3996809636450779
-1.3531838653734618,0.7367097325475898,0.8202528727110845
-0.06258118712793215,-1.510598555340085,1.4903311060385802
2.909267976940073,-0.4100178649517586,0.024965388450670423
-0.175586899398246,-0.5645835943468344,-0.24791777237026552
0.8149739506074287,0.01089487782679499,-0.20277517509321363
1.2612564061436546,1.3538333311360922,-0.7508119534884552
-0.4102857961452645,-0.2920558549661747,-0.5788738884388747
0.3986625517936908,-1.7819958975106438,1.4667570964279553
1.5179701878796712,1.483766619995881,-0.4968347802399329
-0.46542952000889626,0.5406974265346451,0.6515173788545794
0.2716372580528076,0.07537467915663953,-0.6306169118930328
0.7910564631645731,0.7585364565175314,-0.2684079903403737
0.9936213646696329,-0.34361437213233126,-0.16241730550456418
1.0479400227959617,-0.15413041418450546,-1.900501557549164
2.3991566805535154,0.152627887854831,-0.189448513379062
0.7978678209303497,0.9326021079157404,-0.8522333554114083
-0.171458078816966,-1.3933715053185007,0.44859302575107396
1.65019759592488,-0.4013960135677931,-0.76882243411617
-0.2840879037721254,-0.46575495746300233,2.1373211978660507
0.5537049634292972,-1.7910488048339746,0.14089419160993397
1.37898009461161,1.4387295995596643,0.6300357271234895
-1.1152072108297697,-1.2230823971303286,-0.12228626167639728
0.9477312023322193,-1.6077643128510375,-1.516317104638594
2.401011772883086,0.9167511562789226,-0.3617171720862544
0.41468533153709297,0.271267330911897,1.2671135374035218
0.18797524918240338,-1.7080971769272377,-0.7137612868243767
0.7482838385715962,0.4280039826883344,-1.3209984505597503
0.08156851491102901,-0.733405274472804,-0.11807049328403224
0.4923889386708522,0.10684601452883957,-1.0405711813606675
1.0175072637709461,1.1202194592971884,1.1494831646768526
0.24225187815363414,1.1114241602777732,1.3986612993213647
-0.22132281359898293,-0.3561309444316514,1.0115421324417644
2.2024469685663814,-0.14662498070166596,-0.8847958603946268
1.0034558099629263,0.6516619513339965,0.7371102638104255
1.1010418435250597,-1.4502881415689406,1.0527658431012423
2.2927773832413454,1.1415386855864456,-1.0932463680089493
-0.48498485091785937,-0.16946767602085727,0.6197756130403423
0.3255924181082517,-1.764764663914428,-1.1591906680184054
2.4771783493888666,0.6870214058691174,-1.7708314422598272
0.4668083348163713,1.11674095104887,0.9716642126316011
0.07126436090314014,-1.6512849647548382,-0.2836563142656122
1.9799598165412533,-0.3374146470206296,-0.33559801249646415
-0.03956495270242655,-0.6896052252445822,1.0869944936699791
0.8900494792185052,-1.6806930675566631,-1.6465629995057973
1.1287600351557225,1.2622007344031265,-0.4323120418467628
1.4193399778745404,0.5926156366774633,2.7528948409407
-0.10609708681193403,-0.1911188504149055,-0.7558022239618272
0.8770585871668849,2.5055253836122215,-0.5888380580626202
1.105083966929334,0.44028128966179025,1.4939491205334454
0.5589888924267965,0.12553300956890878,-0.41657346186918787
2.4156178861634223,0.9530463414331325,-2.1126227695561957
0.30574322408584265,1.1370866380607945,0.9102081537315561
0.19958365977069392,-1.7343907698502181,-0.9925139486448373
2.149867008107532,-0.23048392609250634,0.2262586831615706
-0.03592675828560743,1.022239718157954,0.013956215388081172
-0.1985105367192176,0.3279133066204184,-1.3286916466485363
2.4425634994687337,0.2770185248462222,-1.5738318145496384
0.7171514198315686,0.9986847429913116,1.7506613351206457
1.295488876231038,-0.9797237054928094,0.18438828496444618
1.9833278628195843,1.4340024200789845,-1.3111036271521892
-0.22407371077388438,-0.5336925352963232,-0.3952600994477588
0.6353635815926619,-1.7811103589687574,0.36032356343594285
1.1854570334577335,-0.20988204793428034,0.6007980422584211
0.5453530827719372,-0.7535770288972748,0.03207394668518404
0.07465737979020914,-0.024767992731403954,0.41157505300744746
-0.752906119857074,1.185839844567353,-0.3438579693023733
-0.1605764773003151,0.9342593809092022,-0.5551500145844614
0.5700371165253391,-2.0342761452080675,-0.6520380196873153
2.482757842526172,0.5478712761943321,-0.6488832017854579
0.5500949849749185,1.0900098682015673,0.6562581897519465
1.175065568962357,-0.5710811378884715,1.7218176822961517
1.699514932552019,1.423928016266006,-1.1639139922611603
-0.02477182861691596,-0.6227013866941139,0.40663351302803785
0.8689378967525427,-1.570467012481881,-0.7203991522661616
1.3909054837918862,-0.27333898122901534,0.24140481143804038
0.769107926834396,-0.5032338451338031,0.29902204080351813
-0.13602857475534147,-0.28523533096781095,0.506432628536376
-0.006353830250790837,1.777240805185837,-1.261512710490511
-0.3759413931891764,0.6398807033882498,-0.6300240506692283
-0.42615006079275913,-0.9535991019669189,1.4142815573526777
2.3150363403188363,0.9297802871226263,-0.9683176550100685
0.27575645536323723,1.0457876530094554,0.6820823568105926
1.0923448869882917,-0.35676509413772983,-0.19258670165210695
1.5524129477382524,1.4248859087227812,-1.1695644837658186
0.10987511563465424,-0.6829221173181222,-0.3263643936718729
1.0126859126584282,-1.436569221431034,-1.6563964280634058
1.2276984282425798,1.2772469760349137,-0.5361238796759956
-1.2305648008607284,0.4201656019490682,0.7186472758224597
1.199442557549124,-0.9276200332522752,-1.2701582869492272
1.9277696153655572,1.3493014915239527,-0.3684106037248473
1.0317653977227321,0.19868048769552366,0.7523444015558827
0.6761442253840821,-0.0048159363997276605,-0.6007706265540406
1.1962749330904772,-0.15052454895870637,1.5247015571080256
0.5406373974554489,-0.6486032750736676,-0.3918042726655537
0.08437603514313441,-1.588429354342411,-0.6792465221105651
1.9677805423690358,-0.22912659513817968,-0.403615981415094
-0.18428266834446955,0.8458819135939442,1.0662216916620337
-0.36061251658819193,-3.2090398581704154,2.7130698537841376
1.1026753468371748,1.1719022575726203,-1.4899907901143763
-0.4088415738849847,1.1339942238426688,0.9103440382765235
1.1973999842067002,-0.6880359681572713,-1.007307674435476
1.7752399401194974,1.409476894268527,0.9153090544623637
0.31550065373422975,0.0465314513600571,1.2330323202071454
-0.09044691084757678,-1.449443950375326,-0.3531705917582574
2.074864785367275,1.2772984025852931,-0.25720263475158606
-0.0027750677452912376,0.9819986875001088,-0.8132834544336534
0.8245398067616583,-0.05496369763643205,-1.3226029633835859
1.2818661060662384,1.3302313691385366,0.7665924216749156
0.40508127539375904,-0.7097304753270961,0.2363777286971991
1.2082329614269594,-1.0302907404114658,0.31702410160434125
1.832999382923171,-0.31036354462756777,-0.9853940401120678
1.0528371152279163,0.09792340511723328,-0.008224722418731234
-0.9298465368403295,-1.6614574543042537,-0.8651202019078621
1.1476342331896485,-0.1237115754171455,1.4414705094485953
-0.16325793108393538,0.8990054414147113,0.41011646605558355
0.03466321291284902,-1.5683213302441106,-1.6098364187099181
1.9228509998103287,1.3799146533265585,0.0693866267139891
-0.1306138699802013,0.9049705492276968,-0.15272918905895855
0.35422450838859754,-1.7085986265348163,-0.052377715105481955
2.2516159959392668,0.038669738715006896,-1.5120803346868743
-0.44911143547362725,0.5364292172892962,1.8100620678793693
-0.3018641523599002,-1.1647356414875418,-0.481705295039068
0.8050239500627487,0.7657288848966142,0.5544705143222664
-0.396790824296788,-0.2768548384706098,0.7654768082428123
1.0352413420810298,-0.26371218924980944,0.8051263009041199
1.4817248302747243,1.4126362965835264,-0.7765909670520034
0.7963903869420522,0.8245810031796856,-0.17180806966108825
0.23764720507031467,0.00294845068628935,-0.14595380437368555
1.6024581789866743,-0.33021637989231034,-1.7214645044983476
0.9573816381909849,-0.24714052957184157,1.8885110213040879
0.5019592326103502,-1.7226526992468418,0.8575198834698323
2.351384229323353,0.24346593509385855,-0.4143653178426381
-0.8690158871619459,1.773042830148557,1.2710027139843292
-0.15459252693779063,-1.3743631522533981,-0.656386128921923
2.1461793396606343,-0.12921217993268053,-1.705725413965595
0.9795224218575121,0.5801173112735376,1.323722157664993
-0.9985473693787223,-2.1531959489891763,-1.085699966951638
1.4048594160267025,-0.29894700236091487,0.018928341482114974
-0.5464985984567521,-0.04660721759935302,-0.8957144212610284
0.29824782391683813,-1.7144522878084145,1.2071277914495517
1.614937977852647,1.4510207649365965,1.0037746673666783
-0.38198716305716734,0.6440336828521762,0.6929340785504756
0.3663600081019558,0.05524899411824813,0.7517797661404866
0.8951714738476914,0.9216683730450175,-2.320395873117244
0.8679451094549356,-0.43501240772022165,0.6499683505055329
1.102084913719898,-0.3219220166716379,-0.11852458146085039
2.2817119681501405,0.0382230971461619,-1.8346872513979522
0.867153879110477,0.7782498024818185,1.0908939748706894
-0.2767917395367062,-1.213676996316007,0.7446780057445627
1.545008292427724,-0.34324375232516613,-0.7458972624467276
0.49543558628498163,1.030439586351609,0.8076122614671752
-0.018816145965835473,-0.15158444191206977,0.39348819644016453
1.912534967015589,-0.28324387681739405,0.418402581959026
1.0564890950861447,0.2223278048440637,0.17306906141749787
0.8166342724712554,-1.6341056691863294,-0.4026515083413804
2.3944011659494855,0.7293163760603845,-0.42027556335806127
-1.8661410517861015,0.2818844062702019,0.8848587745003672
0.09797879126737363,-1.6155456815921871,1.0207233575999655
1.0874672358476105,-0.8973286563550187,0.16247270739169128
-0.011126970481638465,-0.6490012205641464,-1.4397917394558077
0.5914266463038584,0.04642384119032028,-0.8764622857591045
1.09496459157389,1.1793780368032807,-0.7118240266564606
0.34075252289703617,1.065255754653162,1.3568636280896427
-0.14295724813348476,-0.2793847614338786,-0.3303976992615761
2.07050542816204,-0.19331233229434608,0.10714537286398351
1.019028040686338,0.4665007429785765,-1.2782826111363732
0.09636615652796121,-0.047349096408181746,-2.5212396311297347
-0.36041504087651155,0.47813822198748607,-1.4377794050633081
1.0634380799974879,-0.008397297776072482,0.15328375011251444
0.8205227324395925,-0.02223808568129315,0.6649173959477173
2.4292631707934564,0.5015443079268203,0.7849866177865654
0.5671696989746388,1.0277301605525624,-1.1031322634613663
-0.014319884059785626,-1.5424561716528369,-0.05735223945436729
1.8537110479728294,-0.33016881660512787,-0.284309722466101
-0.12618465585276106,-0.5896216311081751,0.991910571299462
0.7595687532740107,-1.6907380875061842,0.8533730431368891
1.2092260685360894,1.2983147071938934,0.02615876947176332
-2.8053571076589416,0.3145084185938341,-0.7249760630762958
-0.027679760555941124,-0.14299391259962047,-0.3022185287124392
1.6795927224774938,1.1682730576609779,1.590191392576166
1.0807900319963233,0.24769122777551308,-0.2600703793231733
0.6611112040989118,0.052633231827403315,0.23442385895607373
0.971540735524304,0.06764240569060359,-0.23646344815671777
0.26945796750527773,-0.7367679503357825,0.9676417939798732
0.2955143154061364,0.040881580759941416,-1.1339967997516
0.8009364288316603,0.7646077226782172,0.12960066280592697
0.05311492249873606,1.025362650246475,0.5398830523947049
1.150240676429243,-1.770272367847186,-0.0964573335906199
2.337219600628819,0.14049724072927627,-2.5653089996676406
0.798479369340006,0.8597096895889487,0.5355701082171452
1.2060995373323822,-1.1362576305576904,0.6240619058908496
2.0736672494136803,1.3114904998201347,-0.6798294799694613
-0.31234265577696285,-0.4015107743220635,1.4968813787863917
0.5195511406354805,-1.7451913133473007,-1.79219913265409
1.099506664475749,-0.09073037076522816,-1.4331652332858056
0.42413966908868106,-0.7310664410609473,0.9211389360500586
0.16066271948553845,-0.010674284087288322,0.06342069688534685
1.479042865000284,2.8643830957202407,0.33741257965866056
-0.168993721875561,0.8261951242919889,1.31503580775114
-1.263799375017455,-0.22149393351746383,0.9905343150177431
2.3306130833708627,0.5392246569888179,-0.5643856286652944
0.5120379653564576,0.9448676738252119,-0.37161756687552533
1.1525618082820617,-0.7385309324413241,0.6427022810128358
1.788235624481075,1.3563473097008858,-0.603956854168641
-0.11906890488208399,-0.5269753965547315,0.815284861209536
0.7437495511542689,-1.5882481082621616,-1.5379127019658738
1.2951598544994736,-0.18676759441325996,-1.984375597061938
0.6432939730916788,-0.5387924227534899,1.525669782352438
-0.05874998778740975,-0.2342316926829976,0.6288731789335563
1.3435468910241082,1.8486469318636587,-0.9909344589522618
-0.29730897221993113,0.707980461535359,0.23297926185933576
-1.1566898305060977,-0.9033136721733145,0.36126034239985494
2.3123599966072588,0.7614098721635089,-0.8785503040813151
0.36563977872777265,0.9917499700064291,1.3698438899603307
-0.14146656901264837,-1.3510907054397743,-0.019011302410679373
1.695701787770639,-0.26392668881584425,-1.4179431355058134
0.02446359220388339,0.9377196174989717,-0.10941288587835468
0.017796902119508795,1.391887387450454,-0.4640614789116492
1.3083345919827476,1.2913294938527613,-0.4968824719023742
-1.7160034837342368,1.6162174647619985,1.5848770756042203
1.1213544535626243,-1.068226447254033,1.1070447406666506
2.003331496078375,1.239479653526184,-0.8583841212901226
0.9707037121430203,0.045404796923000354,1.2120081432473306
0.7579838214055283,-0.1005528441611756,0.41320982803748296
1.1009085939473293,-0.0329690791285866,0.14411875934056617
0.4205590580906974,-0.6351765037225968,0.4665378293498179
-0.009651221132244148,-1.4826659152472108,-0.5299864991618204
1.844652520304186,-0.23055830702948166,-0.48971206702016384
-0.10534906178782966,0.8712216450221331,-0.9656778655737805
0.7565108757248711,-1.3743144818150466,-0.8394331468984925
1.5685167979301253,-0.28378100168075515,0.13329937652547763
0.8972263121778218,-0.2536748466512716,0.31880983803735874
-0.364095622441299,-0.625171461067529,0.6969854267313536
0.9069078814467613,0.19226891826906767,-2.5308828261291394
-1.9287814550097586,-0.02869314887961219,-0.3843183864556347
-0.19166948323409122,-1.3024373390350483,0.6464460965197038
2.137145312344045,1.1401932591779873,-0.6845519963953677
0.08289069961222462,0.9766250901457211,1.4217197006452162
0.8973054715955988,-0.17860238171128728,-1.4591709438429503
1.3654141778200612,1.3359390291043463,-0.7283633836322794
0.2918849954272824,-0.6716372782741994,1.2158356590608828
1.1161173985407362,-1.1625875783796364,0.17315813841087432
1.715536247989804,-0.2846586612157861,0.45678030665708724
0.9763880773663719,-0.05025795629803012,-1.5237631158981988
-0.21137109106920293,-1.9015159379072846,-1.243918774510805
1.0524171226297905,0.004630501305706747,-1.7675845377192219
0.9348390712429716,0.48451613877196587,1.021956298700028
0.4668431819172718,-0.005784911222987077,-1.8837644519444017
1.3611029249360516,-0.22213452927883426,0.06909145630729985
0.7142988066896138,-0.4845522700628956,0.010983501517896677
0.25302400479840026,-1.6398189630418964,-1.658215667257251
2.1307663254637284,-0.03571893461148723,0.24207161311378222
-0.3650820255971472,0.6297484947810521,1.163094234084802
-0.5686956518704485,-2.02653978781802,-1.4505589080508599
0.9090448386484016,0.9129428101045283,-0.748353283496355
-0.5452252672630652,-0.031956488435625596,1.7773012851962886
1.0690945621908248,-0.42234668640775336,-1.487061515747527
1.5707789549667694,1.3840097837619605,0.375032651036724
0.8456610322062524,0.6755751538183331,0.843992799903018
0.3252151984212991,-0.013819409733311527,1.3239942167482557
1.497600478358081,-0.2708345110106122,-1.124539212855367
0.8430074519785674,-0.3416233744206262,-0.07942686878075389
0.6068715427578215,-0.006740802703531279,-1.0433110208594236
1.109937081307288,1.1639039432232594,-0.15672851826394418
0.5941543362953353,-0.5969035468052701,1.0566920130551527
1.1752556942891346,-0.7140821653299114,1.6787686277826201
2.018463607869096,-0.1683116138022488,-3.202114498208803
0.9825077694524486,0.40612856509372874,-1.8982270065167
-0.7165816236372828,-0.40712856295005784,-1.8084922242749344
1.310221602384703,-0.2132659138415557,0.23341041417583097
0.8773487250679867,1.012095551825066,-2.05304923056942
0.20084760038437255,-1.6373779290048556,-1.6173996150292695
1.707810551665478,1.3994092726724425,-0.48945813582928344
-0.30337856424289966,0.714930009060334,0.23479623345496026
0.4587471863182614,0.016807912480947595,-0.27900560462405094
0.9790395783271345,1.018172524150629,2.137961295096135
0.7416025940981846,-0.49399155822162644,0.75706914502201
1.1246351883170482,-0.49170503085132805,-0.21327001496208908
1.9352990148993303,-1.178556844392979,-1.0055244037649853
-0.23175118444248716,-0.4469518897735222,1.7117677376192248
0.8281590000887922,-0.11896889624329166,0.501400284464367
1.3001344224942848,1.3047307006011493,-0.6494619025937115
0.5819572166452719,0.935947216527794,0.004293883559105538
0.06065146658428511,-0.1236406174331186,0.46366755637881074
1.791100538077595,-0.2713630205472135,-1.6810784741884264
0.9981937049957018,0.06147654023786178,0.9916334188077238
0.6918757009985368,-1.6376208574625721,0.05045357374111195
2.356014842866954,0.5597142779298592,0.18383289384663637
-3.2010493192439906,1.377840878478039,1.6557996168185587
0.006044244904145846,-1.5116295867975036,-0.7846232973694345
1.1819400445950763,0.16921362014056912,-1.0890539506556227
-0.10387044051536864,-0.5545428030917039,0.3993545022895656
0.6816712680531303,-0.03335779976612696,1.1540103237286568
1.172956953012233,1.2193362538764694,-2.319737344402744
-0.34610412017487835,-0.33268824243638506,-1.075209388656295
0.48402501574268086,-1.700335143059048,1.1398192157115783
1.4230549805411776,1.3763224518462076,-1.1270773099036882
0.5363162116090049,0.5568841687443089,-0.32176860719990813
0.1808519122482205,-0.0389225083082001,1.9457519392309326
-0.3335379912596462,-0.2476374969511531,-2.3299034851015055
0.972054588881676,-0.14834237424800617,0.453982072208026
0.8990729026798594,-0.14583374555572504,-0.6003419697748695
2.35468784463055,0.3454173329864205,-0.13425816553687303
0.6532084238817005,0.9193481196625639,1.2077076000677556
-0.10610420173319801,-1.417712948301462,0.5681794491254011
1.7351064398495937,-0.3055649301298402,-0.8945811396977117
-0.21620437324798747,-0.47715902888848516,-0.3157198140899517
0.6366558147088897,-1.6804008093499923,1.251924043257376
1.291304398520582,1.3177062730905118,-1.2296744990550275
-0.7755416453954838,-0.5791663726519543,-0.5547605125779862
0.9838567606221378,-1.4311493052264908,-0.5067345445239667
2.256793186206901,0.9993954147139235,0.4393914554764766
-1.3880695683477318,-0.20809382010602823,2.211168064076949
0.2686638615957875,-1.6646279837852331,0.14199375976840775
0.8433616835000104,0.2812214047153274,0.17726876617480058
0.16456155360173075,-0.67789988374381,0.04609087272470275
0.38658878082856396,0.01495113438282758,-2.0966109716936208
0.9048598204365462,0.9165735247114163,-0.47279031638030544
0.1422933513419833,1.011331975861126,0.5284106022823075
-0.366960526868872,-0.623966473777551,-0.3136960093267306
2.2218358059038708,0.039754600283428365,1.2589275606482215
0.8541867777641513,0.708632585600176,-0.8414859109799682
1.1010306085559305,-1.2573970794132199,-0.5989987519292777
2.1421453519661275,1.1734383631205143,-0.4952745342064045
-0.4181242111979913,-0.23562737203791068,-0.5672408370416135
0.4102232263098021,-1.696547446133421,2.447172570003365
1.063688208737784,0.031670167164041585,-0.15615903564235672
0.3775884924532472,-0.5970782287162093,1.6337515156555598
0.14728886506007677,-0.1262803839316845,-0.03894818795981675
0.035182619754375644,0.35779665891444734,-0.7922695020527988
-0.0914184255203554,0.846527265928281,0.8044745413465276
-0.4995574826225625,-1.5920802748183105,-1.205605151489009
2.264841486319846,0.4002027094793036,0.3416426320528678
0.5845196208663731,0.8474534772121709,-1.8086304342852224
1.1035561036240276,-0.8871100147688636,-1.4544655954941552
1.86603097367871,1.272011931156794,0.02471268230398138
-0.21800103274580535,-0.4164633840083314,-0.8772643766311763
0.6234921412190217,-1.5856170405174623,1.306325742141478
1.197261548497,-0.08775511192559482,-1.4997435428754502
0.5213496266565169,-0.5513243992170854,0.002019731253072421
0.018003746640058327,-0.20190559335236125,-0.9758037825266798
0.9142548050737136,0.6946652172401351,-0.44819072249244185
0.808816726561148,-0.2577584206453719,0.7091826741858328
0.9388908916456975,-0.3432581118463435,-0.9411133356980539
0.7980336491162343,0.3756105406582875,-0.761108651055259
0.16502944011641418,-0.5981138373186828,-0.7504449150671901
-0.26491942990076855,-1.175582923441551,0.5834340152645876
1.5842600554111699,-0.22307103989065935,-2.6813923787202016
0.105687672812809,0.9247397059682094,1.0039570746000617
-0.011415386952849382,-2.026700554064925,0.38256279942694627
1.3884027208532448,1.289393916616836,-1.7324338725785275
0.45957494027842183,1.4991975996613782,0.981965762354229
1.027797149792144,-1.1798307895918154,0.3408864026490188
2.0593836530202796,1.1174462568359527,-0.5421134732800466
0.8899229675912786,-0.08108556064394987,0.34878670030532066
0.8232657696517225,-0.21067352473617773,-0.34651513256036914
0.9919169634461467,0.11118771665132693,-2.0724274962007865
0.305868239277164,-0.6059371276981521,1.1654310464185544
1.0414052457153844,-0.4825712025339463,-1.9211773809036492
1.5853560116631047,1.3422258440875319,-0.6078450560381609
0.04613754805733927,-0.5836606665607099,1.7760473553294958
0.8988349555627055,-1.412695200346053,-1.7998105791741317
1.463484468132735,-0.2230485981387612,-1.5099917096614317
0.7847902500024949,-0.3366266049332628,0.6728276740888602
-0.25952818381764137,-0.486046068360857,0.36399045519166806
3.023831979826158,1.3349195590097631,-3.050683876530764
-0.5342729612389954,0.3756714572744566,-1.383162428239502
-0.33140139181962736,-1.08892446032464,2.210441380282156
2.1742763520889623,0.9960337902131766,-0.9243716432761068
0.16688266996894774,0.9547456651314673,1.188412513708
0.9477098679009561,-0.312982725746871,1.4813455070182218
1.4482284427796897,1.3253884184441236,-1.9484748421794877
0.1835223927045514,-0.6209396046336059,0.43105455308457785
1.0119314816060334,-1.263666601743909,-0.6314665427827862
1.1287915755199438,1.1369346860413638,0.5631987759930923
-2.67076050988619,-0.40629082876160716,1.8436345334151387
1.105761538110953,-0.7829334534521772,0.1544212148003367
1.7964059327922168,1.3035926149708443,-0.7181974294874047
0.9219807557287899,0.3273162144582138,1.5284913531462694
0.5504632482237724,-0.0640796023331619,1.71266271585629
1.262774689490599,-0.13320657287902316,-0.29166090077965423
0.5918919694256396,-0.5134593495927501,0.39409957292869213
0.15319989096848874,-1.5603150485377022,-0.32135258398514954
2.009528323847723,-0.08205010711422356,-0.015880785900299954
-0.2865935764846608,0.692511283115097,-0.735475025332812
-0.05907664361541343,-1.4228215606383383,0.4598649653356598
0.9932978004895985,1.0003284603802949,-0.4196402441951854
-1.0240547800607116,0.5542984616462129,-0.8639958459128274
1.0741317222614686,-0.5784141559183471,-3.4110907036874214
1.6553965540972273,1.3382835756619986,-0.7330127651999906
-1.1551758648723485,-0.21454999624526916,-0.9890750976727929
-0.02635187617130136,-1.4531718179644204,-0.11051350097562639
1.934301545623518,1.2595659732527742,-1.6746685803862613
-0.0980782289209634,0.8590794905188222,2.3728874297629536
0.6888518922052251,-0.08980741714990892,-1.0627037470428922
1.1871919742874744,1.1987100365781211,-0.4614200205541676
0.4725257280980574,-0.5962884079855882,-0.28744728413473936
1.129464136098067,-0.8694445232862853,1.0133557856087256
1.8949635741586053,-0.1834287529780263,1.3052186515387245
0.9555180124437207,0.2451153468465067,-0.48005465386198304
-0.3623443267621599,-0.00940140750801155,-0.23774909421810192
1.214216892411026,-0.1160321378496556,-1.3288577173188256
-0.5319768622663696,0.19802998963650803,0.5475136344459339
0.10387899027550829,-1.549730165165176,0.9650374646256433
1.792916690380185,1.3298990709957919,0.17245286947231964
-0.2263187389691897,0.7633456864878354,0.09515532977706237
0.42813417182271185,-1.634421983879104,-0.8502266437255416
2.2325444443869187,0.21464789168651893,2.0293608978028264
-0.7469927002365574,1.1367825184826046,0.7962865678152848
-0.23736026905823193,-1.2215036994438717,-0.21441845368436052
0.1686279637851995,1.407167296761166,-0.3709495370176846
-0.33539780303544114,-0.30912810449766187,1.378120942761577
0.8896622407742723,-0.24180453072281105,-0.8404575895643541
1.3814695594884716,1.3052531256674524,-1.421664217346697
0.6523466508048262,0.8258417022401222,0.49624110534719285
0.14040857471135637,-0.1121030909660875,-0.7654035354496669
1.6755949534448775,-0.24334229759791748,-1.7971421840312698
0.9186707532006971,-0.07190600356807939,0.4434819815129661
0.5730328475140918,-1.6226427048638459,0.9626213875223807
2.292471750369322,0.4137116842826313,-0.7588731093191146
1.1238330476154443,0.3887419639293628,1.5834763486124883
-0.09248558427406633,-1.3908083214689335,-1.230010239018546
2.16311730983063,0.043671902355908454,-1.203722057254195
0.8358856278288159,0.6436904515310029,-0.19977793611644307
-0.4365031134258936,-0.9275125723915532,-1.205568387119051
1.4807989230381562,-0.24691448183429598,0.7482616823691812
-0.4707775332192866,-0.14074269752739604,1.9581181609284015
0.3754301591700008,-1.6504102099381681,-0.6160378970659746
1.5088918611374331,1.356937005823815,-0.4348162289258575
-0.5357580769402122,0.3790845793492583,-0.45349529998229116
0.2651485432737808,-0.046936421070597145,0.5044201146395474
0.9066315139316967,-1.3127027539762484,-2.225091171999906
0.8675331653696919,-0.25574786201585836,-0.9249409203245424
0.955325637618782,-0.28170597973780653,-0.8497997846323649
2.2619807568163095,0.22037579636056726,-1.8313996376557382
0.7202868826623287,0.7959701439608925,1.7291462314062125
-0.21320869927748537,-1.263418353949164,0.7754858507398955
1.6225944265584686,-0.2666175992285462,-0.16420585177793756
0.371680734563662,0.9671152224772303,-0.4839813851386587
-0.11784451184825517,-0.30606990371776965,1.1354558193785627
1.9668940900862961,-0.14309921887379162,-0.6931475109838405
0.9428244699767926,0.35210081692648276,0.48433787298765363
0.8610315679250589,-1.481495414717883,0.028804296758407705
2.2673162509030638,0.8386853924367692,-1.402754561679886
-1.4330530093717813,-1.4800196068830584,0.64310849066122
0.16975139928897132,-1.5860922446019483,-0.6348821507663416
-0.09431493032766292,0.10818353453466312,-0.026342517837691592
0.06294574268161457,-0.6084604479118372,-0.08202468358717957
0.4739014819745554,-0.02851792798092967,1.6785865678916994
0.9890170051538838,1.0068544822896617,-1.2615528643135616
0.22920794307361214,0.9801526633422301,0.396971223603817
-0.2627247120414612,-0.4810214609034904,0.1618434410610272
2.102434787754496,-0.02956136789828412,-0.10970471077319482
0.8819023649858831,0.5534549693645432,0.9354266108685421
-0.37802069738258864,-1.1126850753712647,0.09231475745381565
1.368945593839888,-0.4950129911928265,-0.8954498316454651
0.35237950423076947,1.3107893577577534,-1.9214120190371893
-0.12440464672269486,-0.09162727977679652,-0.42326956067743693
1.6163926521230214,1.6880587381880239,1.5611245196967907
-0.35078280171474385,0.8389970711509878,0.399618219080288
1.066219370881027,-1.794560877965251,1.1274602730972447
2.552399889558983,1.1163727215310486,-2.4159888419565974
0.9955157810271028,-0.6989368232095393,-0.6484170530965057
1.2973548345252084,-0.12826029504002512,0.19892874092343724
0.8691540533506062,0.11748508137303065,-0.8431428882063724
0.08764752449185098,-0.9151977053020013,2.515414419605437
-0.24847453977467,-1.38760668594694,-2.0141291800694665
1.5094581643613776,-0.5627032868589121,-0.08517888744280844
0.18673616158873518,1.2897771598654966,0.12112592597140603
-0.22982183291336544,-0.25467602421669855,0.5217925062216255
1.933274113620501,-0.5553542618263496,-0.3375937642373539
1.3215030153737968,0.21226732187292255,-0.18130112364112178
-0.6164448876877523,0.8421000959627728,-0.750326066177899
1.1865513010088793,-0.34837075708912135,0.5408397652090589
0.35504626774348214,0.8470263522506004,1.1131921797122968
0.06877358461910976,-1.7925898430143934,-2.293770302722897
1.8868211794257692,1.6713617648609582,-0.230115580867226
-0.18982374899822502,1.0425982318661968,0.32751863580474516
0.6164996095795767,0.2991851193973315,-1.4585875215213782
1.1044432896534448,1.3654072024281023,1.0942946187929428
0.684319386769792,-0.9057166624331832,0.6304127596741892
1.4794166685190902,-0.6115889184091101,-0.11815200560267766
2.1370773606218387,-0.4732264190155624,-0.7189833223589429
1.265125330178999,0.570686258854081,0.7798827000633848
-1.757357748500175,-1.3405821424094766,-0.500995403502023
1.304868567259433,-0.4518547891978184,-0.08941277961746136
1.3119363276487914,-0.12758006542689265,-0.5186966362280065
0.8944768221015171,0.2433708570179297,-0.2374206051376369
1.083933588484003,-0.2493713524621266,1.0977010061120143
0.407996253967292,-0.9890572113145175,-0.804331615964381
-0.038508573879797225,-1.7053151654611862,-0.7417871887244181
1.8508217182604576,-0.599942021094755,0.06653767652670828
-0.08870365542393577,1.154130654509839,1.3114680123715088
1.808673266373695,-1.9193257770383738,-0.9958886932615284
1.2014014506418471,1.4874771818522607,-1.4801600928097942
-2.576607522871058,-0.4155583154001622,0.07017412793085559
1.5173082775766622,-0.9489834848468012,-0.7318258762366889
1.9663335950438254,1.6768582934958136,0.4440083302493978
1.3485866162046163,0.24881252936113923,2.2089005148082608
0.6907018384886008,0.3149639315534506,-1.0894104223054464
1.1919120119397575,-0.37578787147381865,-0.4382872238768225
0.6002261096538294,-0.9638004782491718,-0.3502539602579629
0.28515945129660925,0.2596996798517387,1.3515065940396622
0.8901826054307753,1.0313773499508914,-2.074820903592979
1.0936632648864242,-0.5878322411955671,0.49605278456591617
1.2049842508125597,-0.0036674550490354285,-0.6050676641046356
2.5317549093338463,-0.07135955364957791,-0.06115642247814779
0.9305838955284461,1.1060178549179054,2.8973707859194957
-0.19521552258130442,-1.4828312674805364,0.18958837993764235
1.5867918183051322,-0.5859321544986777,-0.6246642202462569
-0.31729739849332805,-0.558887137193216,-0.03141177680074442
0.49386288433628156,-1.9904290330516856,0.7271595591302205
1.3898224699498147,1.6184644841415379,-1.4167511812527032
-0.5224589015168007,0.5145495538903313,0.506048776534931
0.14781414109089885,0.19129795520225545,-0.06243678194004803
0.7231637954515316,0.6483200136954804,-1.2059209451557908
1.2568348556670483,-0.2999527845257931,-0.7733402105390788
0.9998357255040982,0.18137520484610514,-0.9160832616989446
0.9875366818557184,1.2228059704904126,-0.38202878993909595
-0.46731573583926056,-0.3062020089234168,0.6205574728163116
1.3836933394278217,-0.2219682899233153,0.09273195910155158
1.5949920951584922,1.710458287223101,0.2820884673772176
1.1231820524142004,0.9302858198321794,-0.21309805997476933
0.3397295119956174,0.302487994228671,0.8842320030179255
1.4428932321421177,-0.5596834005975597,-1.5934319105354384
1.0249568754699916,-0.7109606354537668,1.6534899971561314
0.34065149321443744,-1.980074427457788,1.5212736558318134
2.4754625880576633,-0.21026978964706533,-1.1529763758883766
-0.4135913884857753,0.7506662141222715,0.5938472727803058
-0.23884283400422224,-1.4220048502491216,-1.0274206655738407
0.8813132452915176,1.0276637024100723,-0.10262524232167425
-0.3613569881549445,-0.5074513872887148,0.8468919560952565
1.1983405659421076,0.04718840358765042,0.44544653164419123
1.4405319720285372,1.665764135590307,-1.149686614128691
-0.0999253330911547,-0.8132592522118121,-0.15207521109468253
0.8774280523400992,-1.935881886739097,1.414719380825989
1.1450957422668715,1.4317680975652682,-1.0410816924369923
-0.888531124697302,1.3354566253826856,3.288353426396741
-0.08431936802449586,-0.019910612953410123,-0.9290145392830301
1.8364809972540543,0.676860642187246,1.007519826203083
1.3266627585193822,0.4384877795018646,0.037704396867010215
0.5950952096686319,0.32859678666766257,-0.7683710385585987
2.6285801357906053,1.0022378027059835,-0.4018355478257379
0.3307646385125669,1.3365719752076743,-0.4459223666789715
0.13457215034818482,-1.8687273229476968,-0.8602178425542868
2.1596138878546864,-0.4941370997726935,-0.5487856571663882
0.025029783966922237,-0.9054307489314988,-0.24862195866783127
1.0922340758330744,-1.8116817030355943,-0.48578232844073166
1.038921817575344,1.300555621806078,1.2265790466484845
-0.5312730823438859,-0.16376879631073482,-0.3587124047530134
0.688577616371107,-2.0166848958878365,-0.5431467502745699
2.7241716622497365,0.4715892569915857,1.0606058650843884
-2.0416784073965726,0.7573971368895042,-0.4405160449231322
-0.03358981179034476,-1.7329305626567084,1.1247320334173183
1.7379874857693594,-0.730602345077467,-0.8059777955290348
-0.15290151055970413,-0.7861566723079004,0.27724771500698075
0.7697010331174865,0.3241095133738626,0.018106732049866264
1.1855318729200661,1.494770255301959,-1.4510203506630974
0.4944917683642692,1.35428990397106,1.0835428874416362
-0.04507364644594397,0.04755692426659497,-0.05630671498149256
1.9654954728513956,-0.6067545778329573,-0.294653555663781
1.3749376523995855,0.2884720316414554,-0.8276004799500258
0.8964977374293988,-1.9600676451321908,-1.5737060435856025
2.6957129301826903,0.868204053242114,0.5707932418733943
-1.0892099702644091,-1.0249441550903213,1.1369778426774528
0.07827396894034766,-1.8470678585423124,0.5183471066380249
2.267983380161628,1.5374439857263655,-1.7919137318189773
0.021309917122637856,1.2492418539170862,1.6854242663652217
0.4190567389090951,-2.0034488080684723,1.6677512957500908
2.5663785757869144,-0.06892055553534993,-0.2056579607036046
0.32916621560163306,-1.0117580942251585,0.5856605549280608
1.4661231087670703,-1.2949906094534966,-1.0365418348881525
0.8187253802377711,0.889745939557536,-1.091865273896516
-0.3108585925697516,-0.5882289943759313,1.1048828280763163
-0.4717818217413715,-0.7890829338400915,0.06006836157216869
1.089474478936067,-0.27761368166386424,-1.4374026236338757
0.809887761855954,1.23290649350621,1.7714622124667856
0.12967861996264918,0.20276388427275538,-0.5097568696206505
2.0508319436682227,1.6740271848848254,-1.289321881877013
-0.10572764894085396,1.163426722534373,0.9075779605403571
0.5928404209771587,-2.0233168171048863,0.4863639841658157
2.6957047153446174,0.27676096129951283,-0.3737082481549475
0.6453391500508835,-0.8601238822579256,0.5633089240087319
1.433838564201826,-0.6898238163298144,-0.9645613644383872
0.5044187994093956,-1.8382792649918887,-0.7308367486673678
-0.11784610638999982,-0.7314260996152341,0.2711256717040161
-1.9728669509784802,-1.3045395408346478,1.0698815679399154
1.2921221081860077,-0.3975487756302799,-0.6245310089059612
0.480965365279444,1.24542931259704,1.9681231626749032
-0.04524756660064594,-0.034841497582913994,-1.0925431311132576
1.7411132663961388,1.6404386164293205,-1.1471686000237926
-0.27462031778386964,0.90785303953634,0.2966723186090567
0.9166278500307781,-1.8223366950934399,-0.6061572907374937
2.5811826800054702,0.8651205651976067,1.3051941719562143
0.8410699127065443,-0.7544874664054737,0.10374234846415564
1.3569760923151801,-0.3684941133832108,2.466486115365809
0.721251041605437,0.46694992256775364,-1.280975226806519
0.006416864179658921,-0.823794288616438,1.3049911415425528
0.9386835466117376,0.12099217229289083,0.1565017288370528
1.309071964967102,1.50503536714139,-1.7738785063197762
0.3715725002587088,-0.9091662513225889,0.0653992440084023
1.3846746287756924,-1.1850822358929638,0.4275001310362041
1.8082611671678306,-0.5220613794497524,0.8584305511389749
1.2488861823811641,-0.0193163327879598,-0.817601810591962
0.1873821583636377,-2.5820279099811287,-0.9041934237085555
1.117013400956956,-0.23134121145626751,-1.2637949039862664
-1.1211715500748853,0.3677476599216847,1.5270985952447478
-0.002148590629081182,-1.6827372887532115,2.0747747187903687
2.0180441825663173,1.56510648120687,-0.06823789563792049
-0.10249444674121022,1.0783632901293259,0.4084035094576085
0.7474618818205647,0.21425989406203583,-0.6236600714192225
1.1873966084208047,1.4114157436807768,0.17286747124141832
0.5503790467656028,-0.8893216225645597,-0.3802954670643361
1.4395919044589727,-0.858923382736389,0.6201212554302447
1.4262876043167676,1.5885679598193085,0.07177478571549145
-0.5067363571984258,0.5268694451239375,0.12012147934518047
1.2891110186611399,-1.4628576537565725,1.4300404196682013
2.2961609639675964,1.3951040909689922,-1.1828761091372408
1.187833707203719,-0.3181880521628351,0.15623120901047588
1.0247714835449604,0.09283120121012489,0.20207632300037634
1.0161648821744391,-0.11529128800834254,-0.9699392887790395
0.29968238220754395,-0.9294737268513509,1.3122431088192221
-0.10535994738093307,-1.581338643027144,-0.44555149439700226
1.7335979564760504,-0.5522475489999699,-0.14865044546325845
0.008666835293255404,1.1727399947067692,-0.7987706854586196
-0.4286829653635038,-0.691802840016396,0.9457472773133945
1.2934007815052837,1.5164411768167958,0.8139068316038505
-1.1217651729868814,-0.6158591476199612,0.4092050330679474
1.4180055266694798,-1.1700615560747731,0.25271806297362387
2.101574611151293,1.5511731702101452,-1.7042102845439104
-0.5133772533754358,-0.17280023071024259,2.0151575655634404
0.24738884280456297,-1.867379928676291,-0.8951293194220971
1.6559491722495796,1.6412039666811409,-0.3277541259000263
-0.3292944897714767,0.8354711782161481,-0.5752353900444414
0.3996093634196881,0.24246462520819312,-0.590676972318589
0.9649982781136099,1.1352774350289474,0.795038728329664
0.9380016880735432,-0.6747385006553906,0.14046268631914677
1.2906736496779712,-0.22628814954171128,-0.25954882888765035
2.379941278865954,-0.19237271634962338,-1.5198556918836519
1.0367159318899595,0.9055185903639343,1.412419219680003
-0.2722636118520553,-1.3136185604739348,-0.4487663932151448
1.4938806875712014,-0.50816969341526,-1.2249960484815456
-0.3880044749312343,-0.4109075818894772,0.7206210005416978
0.39369390838638163,-1.9209817814240169,-1.2000973866570004
1.4985701984027382,1.6142408895446116,-0.9082268727924487
-0.44186197212196476,0.6533126929062425,0.6830764659398105
0.123412426828172,-1.8143100782559918,-0.3501553035922583
2.1145756476503816,-0.45276198575094595,0.08687366412365805
-0.23186047226410417,0.9773675281406893,0.6487666778628318
-0.15547896150664575,-2.3378613774394794,-0.3234245506654888
1.0630122124630887,1.2947846605111235,-0.832036393326329
-0.5795943014539653,-0.03397418636543861,-0.06934758687631165
1.4231148749133877,-0.481555928087074,-1.7341912228062915
1.7220648162069963,1.6674240816418948,0.44597334010364276
1.1940821151235914,0.6844849783750349,1.3295367965098102
0.4612485014447748,0.2753214144162016,0.29995741146366295
1.3627345845261902,-0.46780767871749296,-0.11215134912425667
0.8665978382112162,-0.7711217036828171,-0.6491802032843126
0.25482428895438014,-1.8944661005038865,0.22900433160704572
2.3158812987841757,-0.3038024950785445,-0.38591610849995417
-0.339938878951091,0.8375673520649198,0.7460887466744957
-0.32145733984535574,-1.22811720202838,-1.5020809882757804
2.6297348532433413,0.3869456704418659,-0.7874809747441481
0.6534182460393597,1.219363393340224,0.9742704934836268
-0.05093547918821267,-1.649375098782735,0.9410649951836166
1.822896322162722,-0.5474881619129939,-1.0901936300067498
-0.16898054001249457,-0.7038787488105214,-1.0404225841636117
0.7411755543777019,-1.9201736236331448,0.950534754106397
1.2320907056564812,1.4707843883162584,-1.9642364995486525
-0.17331476082767067,0.943533994440893,0.5386855414823566
-0.0018517306591946392,0.02923622970927786,0.3025284870470266
-0.4400607730528484,0.6635177045426671,-0.5337649348155974
1.2938412026517687,0.17861509606622794,0.10725496822086783
0.7302672967446373,0.24812758696545079,-0.6822902742780119
2.6326027515620285,0.7375189110694776,-0.38327348669005895
0.4625562885673592,1.2758134409613358,-0.4645678644092985
0.06279751777844611,-1.7653202517538384,1.0451781209761286
2.014244259553426,-0.49961152694106503,-0.8619073979902199
0.8396232313499418,1.143403364742936,0.28554663289961535
0.16544359193987268,0.17908986471830313,1.206157572118158
1.6594993572999162,-0.5733809529665699,-2.1771280000770066
1.2220343134976455,-0.3098228556194331,1.200564184899046
0.5702732107780775,-1.9684965206937517,0.38579347683504206
2.6271927047604,0.23648372929571415,-1.4100871071291738
-0.6131931074208954,0.2937702968051342,0.8679578703794625
-0.09798828905783497,-1.6103847122484267,-0.9050454471210582
1.0106175850344337,0.4068341204873509,-1.5891514654004113
-0.21814949350298452,-0.6709027755175417,0.43756086703246716
0.9113786253428315,0.20237577097841786,0.6885149668132312
1.2772428840358434,1.5271669357149986,-2.864748339322678
0.6361868637432967,1.256652866787942,-1.0480386188705275
0.041456415797533785,0.0898452472454393,0.5252465320979905
1.8370921087355248,-0.5734346772525345,-0.6711283949148199
1.311939836123491,0.029452276786253895,1.7266078833073983
-0.2200630494530414,-0.2541634988160236,-1.7866635756212716
0.9159270794385378,0.03802984233507989,0.34993140516547827
1.1213022652017557,0.8283016551213993,0.9828673098178751
0.38057115787789175,0.2631790001813564,0.7224495781440329
2.384483718917031,1.3365214925253892,-0.0887802890859864
0.1306580265684899,1.2490835685608193,-0.5351919990092766
0.326556697995404,-1.9249174679434282,-0.3210652868961654
2.4111771293580695,-0.19879241140885773,-1.0606430621552578
0.22898919353620972,-0.9415105504947443,0.9966121072221308
1.3223647012749047,-1.462391945858878,-2.0833082763304653
0.8989106921775218,1.034271248264786,0.12408569503792855
-0.3779302234707947,-0.44413119411633795,0.767990716329445
-0.3406347001043174,-0.48532068868283673,1.0113160131198022
1.024616502680083,-0.14589812238718214,0.4794456942274852
0.939936138492221,1.0585326074620385,0.7755382584824114
0.2329068156965004,0.2142447799414574,-0.02802558743518828
2.042902061409431,1.490833239325387,-0.08643050949516706
-0.07433723838911865,1.0577067946249346,-0.8977107515193079
0.6022853841434086,-1.8622431499371053,-0.16126833725226605
2.535489207374845,0.32366815833247553,0.3367582471235915
0.5156353942018111,-0.8421958714804667,1.1649385256504705
1.3824366204505192,-0.913552321798813,-0.23248587870560267
1.993203327853859,-0.027175150260015823,0.9576903199215125
-0.19260080332083518,-0.620098752189986,-0.04067104166142538
-0.19160335878792056,-0.5332755790279904,0.028458941006857058
1.2155181354867586,-0.29345546844718795,-0.15397166021391145
0.6028225633813825,1.1527087494466612,-0.27365934418335897
0.03832819190864889,0.004965923485479751,0.753847667397667
1.8625413739735914,1.566761700589675,-0.6793493084863454
-0.19456690353578787,0.9585518759948465,-0.6472989536125549
0.7796262494341193,-1.8229481960754415,-1.529922453341933
2.560358502680137,0.6321620800809377,0.2781000037611536
-0.48484078595400526,0.537786474304403,0.49336249564250056
-0.19149538698389446,-1.407838987549216,1.2294053361278419
2.3032938252139328,1.2625339207725292,-1.3478448658792923
0.12635949961628934,1.1556462839812445,1.133191272154363
1.0453312402512605,-0.034799929107438454,1.2754663516882325
1.4056254895685347,1.5130451342291602,-1.1426881369050355
0.26468808053039905,-0.8509721407613811,0.7873426577039826
1.2624089038433755,-1.3421541493918143,-1.321467971020228
1.6940229646075107,-0.4751249735133092,-1.3254884599038967
1.1453014600879037,-0.2035150275659826,1.6202101766039874
-0.4034652043612018,-0.6515296295259926,0.2739148108295374
1.0421100879939191,-0.10129410141895545,-0.564922210335269
-1.7429835866411825,1.5204806770000265,-0.623115971967406
-0.07623720152948799,-1.5630506384508445,0.6955172681651655
2.13315202530391,1.4308083874108202,-0.8347986583378773
-0.010518496489617446,1.0972268583860099,0.559371647844402
-0.30388400250171554,-1.2293685823168146,-0.43200409398923445
1.4754965237584057,-0.4547362358679945,-1.3404122052710956
0.26087259213357394,1.2057629486131054,1.3855058093577624
-0.1919244752733495,-0.25678003782841996,-0.29809178431096395
1.5332127197640375,1.576483833572665,-0.007033513482416209
-0.4253126023953939,0.6552221486584147,1.216497732840152
1.143571853542487,-1.5680104312358183,-0.46404120989721254
2.3824842223506417,1.1974120544267444,-0.17802507023790454
1.050542046943717,-0.45475424076383475,0.2802919756414963
1.1275678830893536,-0.08412858867126782,0.09490703732586445
0.9370197047005593,0.0427844167318856,-2.4472278583492058
0.19955697338684542,-0.861230528142092,1.1926303507573661
-0.17954345007815553,-1.441227372012579,0.6635806385869433
1.626258279499889,-0.4937129496129795,0.4002899141060011
0.1106421177606276,1.1728855325837835,1.2986453191930516
-0.31802926516335783,-0.4714847242122582,-1.3119583292939123
2.047225961774817,-0.3936818278143177,0.5907108571091111
1.1931757309125692,0.40383903484795736,0.08049921969113333
0.10520510109388026,0.5079166041005393,-0.07853199742540068
1.2762700835858378,-0.34332602711505644,-1.9101196726795748
-1.2224138569545806,0.11976769791807435,-0.22883293519462317
0.16407271958657443,-1.7765347919105205,0.48111692109004023
1.7752114077837589,1.5850952325304177,0.15050527648949896
-0.25202697172609956,0.8981947066068242,0.06524426023140312
0.5154711674108365,0.20241726115754088,-1.8294653478279377
1.0406307408956252,1.2123891572906489,0.267475381593432
0.790625477169144,-0.7218346143013821,0.8077590041235736
1.3298870880125089,-0.45425253047530906,0.4969430384148018
2.231399077896827,-0.26731333127586054,0.15439917271214876
1.1017018269406025,0.6902601018213563,-0.8886887997517159
-0.39064813428620637,-1.0550588736424154,-0.2478108097699917
1.4058242009389241,-0.4241398308018406,-1.223451566169985
1.2372787311477733,0.11917731408430222,-0.1032678639943107
0.7629306878755415,0.1802300441323933,1.1488970526661164
1.1654576012230875,-0.2651933748112648,-1.6995692887983098
0.5331481446456728,-0.8655329600375012,0.5496122156835062
0.0484302607147975,-1.7105976887131469,-0.1344881416814787
1.9749608904855696,-0.4549803240112038,-1.8188632227072408
-0.14853741859018377,1.02026147139201,-1.2846999691328038
0.0751814557641125,-1.2876362926998481,-1.071431735118745
1.1426691411449013,1.3485123290128704,-0.14954593977655284
-0.8527210186086792,0.5063720052497742,-0.32468960570696487
1.4097114004685107,-0.7248896810228999,1.4318760696969708
1.8471879004346419,1.5977545020300956,-1.4420914029220775
1.21309514842061,0.44170882392029204,0.4657452869559439
0.583359502935777,0.22333887571560662,-0.04986269986962008
1.2845803168063101,-0.37043974177178185,0.2739024719003993
0.7203189167052687,-0.7960813232858607,-2.1326018048955384
0.21491568749434697,0.13829791951893566,-1.21503057758606
0.7644277088891885,0.727455636062794,-0.3257568425864651
1.1211195097126452,-0.33095032368447846,0.7721908209043971
1.0406025015033118,0.00691967793207271,-1.6485620048034655
2.5272037612862146,0.19125590578796076,-2.4259650317332206
0.7753273072532668,1.0874095487713253,1.0991854415727291
-0.12300476116374859,-1.521693345997484,0.35076425283078794
1.707710784680836,-0.5004118277102187,0.44847736129736493
-0.2407493677545075,-0.5856440204735186,1.5357818212976595
0.617733700482155,-1.8867460341651157,-1.165095905549756
1.3242222487040205,1.4929743994861842,-0.6736416494914792
0.830524097987272,0.8403678455096578,0.15266870726532844
0.08568050361105561,0.06177692686749803,0.5087331839301604
-1.7654018583699371,1.5909904337510807,-0.14682488424125856
1.2174576908914245,-0.04035090682162132,1.0011374103244222
0.8559390999405352,0.13824532926405353,-1.082994541476312
0.9158543647586962,1.0377000508506655,-0.7839223731973282
-0.3994150834636792,-0.3763799329437052,0.6325646940129208
1.2098572194489743,-0.14743870969407546,-1.3491576398868257
1.5163210920292947,1.5956727271294504,-0.3321590216629442
0.9513713209756801,0.9666560933756856,0.5235087720085118
0.268022501732713,0.18294713987895606,-0.6453596795578336
1.5593508457091714,-0.5046001838881189,1.790204661828877
1.0826105366057925,-0.45590398137532995,0.0015944197829909634
0.46245451627888035,-1.9095007842301102,0.9058653351749407
2.5035424082496287,0.057869191941810005,-0.5496208925774423
-0.49919545025887774,0.5314638375996925,1.6622545594595703
-0.16884777569584764,-1.473532505123428,-1.6814776123372697
0.7560877835439382,0.714269490373973,-1.5769808907640506
-0.28754741892161867,-0.5452277411516704,0.501068872056587
1.0337807275404336,0.049493215256030676,-0.48983999151462965
1.374506717230406,1.542190570697009,1.5715296392841018
-0.0013161128666098199,-0.7968343678895875,-1.0603810335974955
0.9896139505637616,-1.7446374738614612,0.30414375628801715
1.0861587627269322,1.2863960970192383,-0.7263215350324206
0.8858029369145218,1.115304635358437,1.0514423512911455
-0.14501393061260154,-0.17385131593466685,2.4537851572331077
0.8137854264933948,0.2661290812464757,-1.2355835518604072
1.1703664230989443,0.5940442110353225,0.30749406959750747
0.49855683177845544,0.22724961635039664,-1.0260936412439137
2.459555122338402,1.1173303603306741,0.48264033761626646
0.24381329227779414,1.227689023891243,-1.6228481419417258
0.23922404779666018,-1.8404893354378022,0.15296261362674932
2.2591897602740927,-0.27951634611486487,-0.9363562701289362
0.13569054627384847,-0.8643860441528857,0.1762653557900702
1.1737700684243881,-1.5751874002977968,1.7528935620687882
0.9743858622682406,1.1344002787205691,-0.09443950284036756
-0.460762151446639,-0.26656285663065876,0.415266753693271
-0.3901938413496188,-0.6362406729091326,0.9452904159615688
1.017981149147166,-0.03729273238050723,-2.0060455695847397
0.8750397333343728,0.8911891706227257,0.39693217997391284
0.25853887938858433,0.09191746710770943,0.3853291220999534
2.144348912977724,1.3533293206783767,-0.6915555680201368
0.01688952225239615,1.0700750072877876,0.05535993062692851
0.48977655337207027,-1.81527935838545,0.6776129952221054
2.430626269045855,0.16034154871370193,-0.6301825987045508
0.3963981319228328,-0.8078550912538495,-0.5250080094606577
1.2978793377510807,-1.0986709525676006,0.809140482006082
0.1274135286914928,0.39538729821645235,-2.0262298622078063
-0.27171599608435865,-0.49662474019182457,0.8034940812225558
-0.5278346241655231,-1.60858909919722,-2.4795128081777644
1.136667320256607,-0.17982030131963822,0.05437626403563156
0.7110530405122794,1.0346248959159436,-1.713612092451446
0.12567989634973054,0.028054749161895765,0.39268477119650735
1.4429998900619294,-0.37620218027116625,-0.5292145621767314
0.8817027568245966,-0.5380325462635893,-0.6294273968446025
-0.16600280358903174,-0.2653174956991792,-1.7768953980466973
0.7960534103430088,0.3308344138585224,0.01988992879785001
-0.4022858437969343,0.652665962107636,1.3615944452842386
-0.28879185302109744,-1.2244279515042096,-0.32675840790103794
2.3626782803470623,1.0729222640603067,0.2775099429320207
0.2290876588603743,1.1326136014979329,-1.1168273800306134
1.122562972747462,-0.20911087282935537,-0.8578551696044171
1.5047192711184199,1.5025741134189898,0.0023216912376105014
0.1645585164606641,-0.7836068424236565,-0.49491589539155706
1.1312197026144108,-1.4539075605117402,-0.07006104606619264
1.5879515064967102,-0.4172696737681021,-2.6026796854708243
1.024827606439004,-0.3418321074440547,0.9810047134898598
-0.2977268376382471,-0.4660133057036231,1.3835190937232258
0.9557477973892139,0.05275278719049975,0.14224578172651647
0.7408623464174587,-0.6898791399941993,1.0288729310874307
1.2970981604506964,-0.5310559939899422,-3.2166731708478506
1.1428983918036462,-0.1025903713712103,-1.2628727243356366
-0.028917040027911067,-0.7163765827688858,0.21824314150521842
-0.7744713167843364,-0.54486058279957,-1.2351125580714153
1.3859945949368402,-0.37111749620170253,0.8212928319307553
0.37184199650296945,1.1580658125426118,1.2661569913874313
-0.11536160353711838,-0.18588942958026167,0.02678576442125058
1.6411979884893482,1.543462843720698,-0.6184929192898179
-0.34821772346357255,0.7447346156131147,-0.6543910118109195
1.001291121690609,-1.63242764524204,-1.782947501867094
2.4289169741625383,0.9912101770561637,-0.322622200263959
0.9106444898944684,-0.5461219554835501,0.704512929975085
1.1955359189236725,-0.27686257228295674,-0.4623234312054445
0.8273044616175225,0.2637386652352982,1.7893983614559612
0.10513173361430428,-0.7852583139428116,-0.4893616112794677
0.7991180266531326,0.07812222720125361,0.5096702929640207
1.238499050055319,1.3753477203980358,-0.8462575152230779
0.47980526842630733,-0.7967321940052754,1.756814438670663
1.3245561084884117,-0.9595699544765453,-1.3996945841471602
1.9149666866021073,-0.3911189324234725,-0.8387190589350151
1.159712898822257,0.190808927456205,0.6629352523194367
-0.14913411793517034,-0.6138439129554548,1.7478761817648047
1.1963065495473302,-0.23795562072241094,-2.165773830819627
-2.615461820132738,-0.3044177563198343,1.3796990400540163
0.08187721776961965,-1.678597626703322,0.2887746248266533
1.8886553801613317,1.5043375796861798,-1.1899082814979338
-0.17149386924095056,0.9429370022803487,1.5594578596541422
0.6283962933978902,0.1388050227701455,1.647329600281023
1.118637239785845,1.2691400318821153,-1.671015055762731
0.6530490768798484,-0.7389628118115834,0.3796814776496227
1.3242834155476182,-0.6714907599689794,0.0029689548320861042
1.3528303652649125,1.4669950157867335,-1.1520010110616803
1.1931353578093824,0.4450230992917125,1.2388151428573593
1.2869734484134552,-1.220352878411334,-1.914624851373469
2.1396894953084726,1.3917354487479066,-0.5023720292926619
1.1549981496760804,-0.07659168331966498,0.18966598818378397
0.8770690736113214,0.06444220723309768,-0.04337835958753024
1.0889316162332012,-0.14377427909501828,-1.694892934526576
0.41259501187502823,-0.831575746384074,1.8542373451575074
-0.028328337329201703,-1.5982318839101186,0.12265924605425388
1.8471889754379185,-0.43621567019804286,-1.256030181493159
-0.06099429291698755,1.046458110974763,2.288862040436085
-0.928611338934496,-1.1617516448023812,-0.9152881841077651
1.226380130089241,1.38526603123789,-1.512919408838417
-0.5685440852997509,0.9945396408094062,0.3358608818386471
1.353555133412425,-0.9375597392771355,1.07816975068519
1.9642145376409363,1.5017017573199793,-1.6654340225159774
-0.4435511175157228,-0.261674513205766,1.1859801917497403
0.35067462401962846,-1.8158052602693924,-0.07472591802227066
1.5642920258402695,1.5364346096207064,0.26518543270026385
-0.40969046865742714,0.6542156410326462,-1.675330196153201
0.31514352730744966,0.13126991662476406,-1.4961530086287815
0.8712712353575847,0.9226571623374373,-0.29312771191898684
0.9879540432189119,-0.45041338670303477,-0.03953600468475332
1.1261083913394303,-0.16877038971724134,1.5261760891773823
2.4057973430239428,0.043878046597431,2.1794824044129646
0.8742031309186359,0.930983665661984,-0.2744848861400187
-0.20483232117707628,-1.373151221459152,-0.23712589699380895
1.6012512406190562,-0.44244278113437685,-2.696713504057045
-0.318695826586878,-0.452809279424808,1.4373704064806614
0.5043890443441899,-1.8398453530245735,-1.5572650769998195
1.4201764631533695,1.497573373673096,-0.4726050992117338
-0.5703942634727021,0.36358928552525915,-0.09902985624789346
0.22077591287230325,-1.7871990095632633,-0.6522135334940721
2.2039350582998267,-0.2550732270494608,0.011336414823777674
-0.2988140695548786,0.8253136816402238,-0.2847089191788417
-0.4362986313668704,-0.9535020002499097,-1.1941167336733383
0.9924709680561448,1.1306434683688633,-0.30831417303344455
-0.4977577320881642,-0.1744799347148629,-0.6422600552690043
1.2652972778235159,-0.35834275333165144,0.22557466934193846
1.6262340881954267,1.5663738998878354,-0.35016239370961605
1.028323612225428,0.7712076585168435,-0.30833282069566575
0.37373669909893803,0.16709080145561728,-0.04574404282224866
1.4653052433720313,-0.42836907967834403,0.8228402009393936
0.9399684795157984,-0.553931286418511,-0.2968938680410374
0.36234559643147723,-1.8416705257771637,-0.6113540752456442
2.3683402770314177,-0.06984577323395658,-1.123733585996402
-0.41737393368315745,0.6550737325245539,-0.36616229905568126
-0.25306572402964445,-1.3087881924924587,1.4618032578258073
2.5349458283789197,0.6019186945411882,-1.469485921338416
0.5270247771821276,1.1525370118730218,-1.2549571735292269
0.030845564102152667,-1.6554291289533936,-0.7989241917872661
1.9351038030158185,-0.41204128956947916,1.3899858917328762
-0.0821426710117612,-0.6992372216775217,1.2776866537150415
0.8493293720174504,-1.7642824074251373,-0.7085220651701725
1.1665043691312529,1.3340986025805757,-0.925580254729647
-0.30464340775128845,0.25387203676685655,1.5527024485733982
-0.06733068023583566,-0.11413488472083388,1.2065867009026265
-0.18714008718424668,-1.0210391909431682,-0.007465855083583883
1.1722397513175098,0.3683355870040134,0.4990703522187124
0.6147504524580776,0.1672614617834992,-0.9864962225482559
2.489601450779294,0.8958945274711692,-1.3214811141385399
0.3573315203317996,1.1837156730911844,2.2744608804673407
0.15487039822742799,-1.7497247850293958,-0.10790404914901071
2.115005875905743,-0.32272029018524384,-0.47419293527134776
-0.2814215443048781,1.1417568824434583,2.0227186456785478
-0.4424092524818826,-1.0020827384512396,-1.3357225179274994
2.9275397485496066,0.7914514079925791,-0.593386255347146
0.3946133111053799,1.5703419820323994,-0.5936619980650089
1.6922724406590988,-0.3323124068114812,0.34211484458187
1.6430214093569218,1.9438584762842208,-3.392586907939612
-0.1456455641002934,-0.9759003670077246,0.92371030577999
0.8883767105196771,-2.2008304081045784,-0.24758160470444518
1.2594350927313491,-0.6492063319511283,-0.8254712052591333
0.849242556873329,-1.1444725211375044,1.6781936228089882
-0.15293716210847386,0.06514275367564537,-0.21139829413709266
0.8029395135412938,0.16140425745482823,-0.3723545324707479
-0.3700398882111092,0.9957926554083432,0.39513480743656065
-0.32493761770895846,-1.3673639010397376,-0.09698398009248069
2.7694288321629044,1.2965565768394822,-2.392903228573241
0.20179107534196572,1.5402873220286972,0.6393255929519018
-0.11761484568484931,-1.7884279677288906,-0.1205445259072789
1.7197248018451905,-0.8405102676245892,-1.300908171421384
